696   865
170   685
894   569
648   114
740   402
80   670
627   741
609   307
432   475
325   720
823   923
884   851
696   404
93   418
187   144
280   602
716   717
694   196
721   78
239   457
490   688
478   704
707   387
867   836
574   230
817   18
995   936
698   758
155   15
987   654
547   334
481   545
297   163
569   963
829   771
278   922
853   126
592   699
516   92
595   56
677   424
372   577
103   253
877   948
591   830
680   751
33   531
751   44
998   521
88   951
138   676
124   751
390   250
190   100
875   335
798   35
164   359
243   559
946   934
473   611
436   844
323   105
403   154
404   75
551   298
269   961
986   541
294   595
140   343
722   871
892   4
27   39
183   314
377   858
214   884
783   441
414   821
333   787
239   3
899   369
490   391
665   733
651   691
972   924
898   314
622   9
898   775
433   345
936   855
110   344
375   719
846   455
516   281
443   485
798   807
289   360
316   376
829   9
140   439
335   971
109   542
209   405
132   427
773   709
976   853
999   764
117   681
940   729
892   189
22   503
740   5
848   467
827   812
365   268
208   463
676   938
356   375
644   829
371   455
652   219
512   393
239   141
96   709
912   58
683   735
373   231
136   796
259   152
263   197
77   351
171   570
468   387
985   798
686   290
37   211
783   730
577   971
259   377
143   141
912   199
294   64
928   320
356   471
118   693
300   429
921   437
954   689
368   675
210   692
930   193
346   981
118   871
953   458
456   691
387   855
836   825
749   848
20   206
900   802
995   20
652   338
363   197
574   101
49   923
443   90
530   543
146   746
228   661
407   315
228   113
742   490
576   926
744   327
55   161
990   277
424   256
92   211
8   372
143   743
117   918
93   84
672   287
37   58
882   415
29   312
664   861
302   326
35   835
429   210
481   597
945   205
687   611
164   17
520   959
575   641
842   465
322   73
110   310
438   202
248   502
695   24
178   80
508   814
373   756
377   402
352   617
977   96
925   147
757   594
667   169
12   935
84   767
543   4
604   839
351   200
433   87
666   797
772   579
602   921
471   330
438   87
130   21
797   649
897   988
582   139
893   362
371   80
72   103
492   476
21   185
801   258
548   942
124   21
632   17
939   610
154   101
338   243
691   416
709   640
36   427
457   45
468   642
209   501
598   391
760   765
259   651
955   578
145   399
123   308
488   897
249   145
204   865
80   588
434   798
44   74
520   141
371   961
254   744
499   955
553   995
490   481
225   864
262   958
225   558
625   699
488   493
315   42
887   391
613   520
608   359
766   604
709   981
460   872
319   730
819   598
186   374
252   553
54   460
767   516
420   721
393   198
776   849
503   698
325   23
650   340
206   125
663   717
817   238
666   75
16   177
337   520
243   60
929   385
144   182
53   296
430   787
59   615
167   41
679   808
60   619
552   246
152   694
91   836
545   997
448   450
477   760
252   511
793   635
611   932
50   375
938   757
530   20
298   502
85   261
91   355
816   280
456   335
111   198
104   459
915   477
842   405
84   674
146   155
833   727
224   512
624   262
598   8
42   477
403   902
435   571
767   186
532   66
220   744
92   404
36   189
340   87
174   947
52   254
415   148
14   736
601   388
128   458
585   532
515   714
473   405
935   316
476   701
36   243
300   315
363   667
834   851
198   844
99   189
834   111
679   451
39   313
173   934
798   4
311   962
698   905
803   359
43   610
146   224
863   863
882   828
774   186
871   259
114   251
198   246
500   813
565   846
189   297
890   916
849   76
248   226
945   791
820   292
768   942
588   28
143   508
717   939
571   633
240   325
493   499
209   846
273   472
271   138
335   285
726   957
231   539
515   33
116   95
62   346
195   5
745   961
309   463
805   851
176   123
311   38
726   673
78   339
119   156
828   590
182   837
683   176
403   141
324   188
97   443
292   615
32   672
552   878
803   157
684   992
292   454
628   183
673   37
26   197
732   481
739   60
934   463
192   421
920   980
832   2
806   526
373   273
948   279
673   973
93   63
9   899
348   281
703   726
638   192
344   465
505   323
860   614
970   547
856   910
133   409
494   959
391   829
773   546
209   866
96   420
963   114
19   791
514   90
421   374
290   986
761   102
14   42
229   685
395   229
180   611
854   240
369   579
878   354
44   680
755   993
164   540
49   686
499   202
802   67
754   607
530   571
894   702
931   273
334   459
988   980
845   3
159   943
788   895
431   498
316   411
160   695
72   797
117   420
222   643
582   187
762   337
200   220
421   283
830   148
345   995
189   815
449   429
862   683
654   799
608   309
844   424
869   922
174   220
336   741
72   869
968   607
315   514
287   442
932   398
339   6
541   481
278   722
221   745
863   756
853   974
426   383
363   22
48   755
450   379
504   685
57   262
101   248
963   497
656   42
685   559
20   248
795   333
391   920
270   352
152   35
262   158
34   360
729   608
339   440
675   500
613   606
621   365
946   473
364   628
13   896
160   959
72   995
664   129
45   384
187   461
979   318
836   175
829   318
558   465
339   776
640   857
619   391
154   719
218   636
618   663
530   889
67   223
308   919
354   252
261   491
148   283
891   12
705   454
66   218
31   825
436   424
269   856
857   460
792   512
744   858
330   415
527   833
223   83
549   333
595   422
980   75
403   977
862   856
245   795
998   777
385   193
844   123
268   192
316   777
517   887
488   952
910   954
489   386
665   70
280   485
821   371
798   25
745   698
139   392
49   637
60   27
197   825
113   357
779   647
475   558
449   48
909   644
203   56
5   956
542   429
334   58
315   673
266   818
356   845
75   208
197   931
773   636
895   801
630   443
79   420
976   90
718   701
709   96
918   71
791   355
909   333
152   45
202   733
631   457
35   298
459   590
127   226
926   614
74   647
42   7
991   55
803   14
268   732
904   721
786   950
44   272
780   770
983   607
537   296
183   498
593   927
643   615
55   297
685   900
684   595
67   792
743   464
744   439
241   329
468   885
172   30
314   256
185   690
447   332
857   945
211   6
966   579
801   792
275   938
508   757
303   112
586   61
186   812
737   699
361   96
977   760
187   236
816   160
88   203
217   55
610   760
812   579
650   756
467   791
708   303
664   527
459   591
237   606
133   311
554   252
286   334
388   580
235   709
917   863
120   119
375   829
378   224
330   898
551   592
660   503
978   917
848   970
48   20
942   625
220   813
916   14
31   90
689   827
626   927
608   109
317   649
547   176
465   974
801   152
229   210
218   42
448   624