696   865
170   685
894   569
648   114
740   402
80   670
627   741
609   307
432   475
325   720
823   923
884   851
696   404
93   418
187   144
280   602
716   717
694   196
721   78
239   457
490   688
478   704
707   387
867   836
574   230
817   18
995   936
698   758
155   15
987   654
547   334
481   545
297   163
569   963
829   771
278   922
853   126
592   699
516   92
595   56
677   424
372   577
103   253
877   948
591   830
680   751
33   531
751   44
998   521
88   951
138   676
124   751
390   250
190   100
875   335
798   35
164   359
243   559
946   934
473   611
436   844
294   595
140   343
722   871
239   3
899   369
490   391
665   733
651   691
972   924
898   314
622   9
898   775
433   345
936   855
110   344
375   719
846   455
516   281
443   485
798   807
289   360
316   376
829   9
140   439
371   455
652   219
512   393
239   141
96   709
912   58
683   735
373   231
136   796
912   199
210   692
930   193
346   981
118   871
953   458
456   691
387   855
836   825
749   848
20   206
900   802
995   20
652   338
363   197
574   101
49   923
443   90
530   543
146   746
228   661
407   315
228   113
882   415
29   312
664   861
302   326
35   835
429   210
481   597
945   205
373   756
377   402
352   617
977   96
925   147
757   594
667   169
12   935
84   767
543   4
604   839
351   200
433   87
666   797
772   579
602   921
471   330
438   87
130   21
797   649
897   988
582   139
893   362
371   80
72   103
492   476
21   185
801   258
548   942
124   21
632   17
123   308
488   897
249   145
204   865
80   588
434   798
44   74
520   141
371   961
254   744
499   955
553   995
490   481
225   864
262   958
225   558
625   699
488   493
315   42
887   391
613   520
608   359
766   604
709   981
460   872
319   730
819   598
186   374
252   553
54   460
767   516
420   721
393   198
776   849
503   698
325   23
650   340
206   125
663   717
817   238
666   75
16   177
337   520
243   60
929   385
144   182
53   296
430   787
59   615
167   41
679   808
60   619
252   511
793   635
611   932
50   375
938   757
530   20
298   502
85   261
91   355
816   280
456   335
111   198
104   459
915   477
842   405
84   674
146   155
833   727
224   512
624   262
598   8
767   186
532   66
220   744
92   404
36   189
340   87
174   947
52   254
415   148
14   736
601   388
128   458
585   532
515   714
473   405
935   316
476   701
36   243
300   315
363   667
834   851
198   844
99   189
834   111
679   451
39   313
173   934
798   4
311   962
698   905
803   359
143   508
717   939
571   633
240   325
493   499
209   846
805   851
176   123
311   38
726   673
78   339
119   156
828   590
182   837
683   176
403   141
324   188
97   443
292   615
32   672
552   878
803   157
684   992
292   454
628   183
673   37
26   197
732   481
739   60
14   42
229   685
395   229
180   611
558   465
339   776
269   856
857   460
792   512
744   858
330   415
527   833
223   83
549   333
595   422
980   75
403   977
862   856
245   795
998   777
385   193
844   123
268   192
316   777
517   887
488   952
910   954
489   386
665   70
280   485
821   371
798   25
745   698
139   392
49   637
60   27
197   825
113   357
779   647
475   558
449   48
909   644
356   845
75   208
197   931
773   636
895   801
643   615
55   297
685   900
684   595
67   792
743   464
744   439
241   329
468   885
172   30
314   256
185   690
447   332
857   945
211   6
966   579
801   792
275   938
508   757
303   112
586   61
186   812
737   699
286   334
388   580
235   709
917   863
120   119
375   829
378   224
330   898
551   592
448   624