72                                                                                                            




68                                                                                                            
74                                                                                                            
28                                                                                                            
77                                                                                                            
77                                                                                                            


75                                                                                                            



18                                                                                                            

89                                                                                                            
74                                                                                                            

99                                                                                                            

58                                                                                                            

58                                                                                                            


48                                                                                                            
95                                                                                                            
58                                                                                                            

68                                                                                                            

37                                                                                                            
88                                                                                                            
25                                                                                                            





62                                                                                                            






41                                                                                                            
99                                                                                                            



88                                                                                                            

43                                                                                                            
77                                                                                                            
21                                                                                                            
89                                                                                                            


47                                                                                                            


35                                                                                                            


15                                                                                                            






58                                                                                                            



82                                                                                                            



74                                                                                                            
85                                                                                                            

62                                                                                                            

79                                                                                                            

89                                                                                                            

77                                                                                                            

89                                                                                                            


25                                                                                                            
15                                                                                                            




72                                                                                                            
75                                                                                                            
26                                                                                                            
74                                                                                                            
39                                                                                                            



43                                                                                                            



43                                                                                                            


25                                                                                                            
98                                                                                                            

88                                                                                                            
86                                                                                                            

36                                                                                                            

15                                                                                                            
83                                                                                                            



18                                                                                                            

69                                                                                                            


37                                                                                                            
85                                                                                                            
97                                                                                                            

79                                                                                                            
36                                                                                                            







34                                                                                                            






75                                                                                                            


26                                                                                                            
86                                                                                                            


25                                                                                                            
15                                                                                                            

48                                                                                                            

69                                                                                                            

89                                                                                                            



38                                                                                                            



25                                                                                                            


52                                                                                                            



18